00000000000000000000000000000000000000000
10001000000000000000000000000000000000000
00000000001000000000000000000000000100000
00000000000000000000000000000000000000000
00000000000000000000000000000000000000000
00000000001000000000000000000000100000000
00000000000000000000000000000000000000000
00001100000000000000000000000000000000000
00000100000000000010000000000000000000000
00000000000000000000000100000000100000000
00000000000000000000000000000000000000000
00001000000000000010000000000000000000000
00000000000000000000000000010000000100000
00000000000000000000000000000000000000000
00000000000000000000000000000000000000000
00000000000000000000000000000000000000000
00001000000000000001000000000001000010000
00000000000000000000000000000000000000000
00001000000000000001000000000000000000000
00011000000000000000000000000000000000000
00000000000000000000000000010001000000000
00010000000000000000000100000000000010100
00000000000000000000000000000000000000000
00000000000000000000000000000000000000100