0000000000000000000000000000000000000000
0000000000000000000000000000000000000000
0000000000000000000000000000000000000000
6666200000466666666666666666666666620000
0000100000100000000000000000000000010000
0000100000100000000000000000000000010000
0000100000366666666666666666666620010000
0000100000000000000000000000000010010000
0000320000000000000000000000000010010000
0000036666666666662000046666666650010000
0000000000000000001000010000000000010000
0000000000000000001000010000000000010000
0000466666666666665000010004666666650000
0000100000000000000000010001000000000000
0000100000000000000000010001000000000000
0000100000004666666200010001000000000000
0000100000001000000100010003666666662000
0000100000001000000100010000000000001000
0000366666665000000366650000000000003666
0000000000000000000000000000000000000000
0000000000000000000000000000000000000000
0000000000000000000000000000000000000000
0000000000000000000000000000000000000000
0000000000000000000000000000000000000000