0000000000000000000000000000000000000000
0000000000000000000000000000000000000000
0000000000000000000000000000000000000000
1111100000111111111111111111111111110000
0000100000100000000000000000000000010000
0000100000100000000000000000000000010000
0000100000111111111111111111111110010000
0000100000000000000000000000000010010000
0000110000000000000000000000000010010000
0000011111111111111000011111111110010000
0000000000000000001000010000000000010000
0000000000000000001000010000000000010000
0000111111111111111000010001111111110000
0000100000000000000000010001000000000000
0000100000000000000000010001000000000000
0000100000001111111100010001000000000000
0000100000001000000100010001111111111000
0000100000001000000100010000000000001000
0000111111111000000111110000000000001111
0000000000000000000000000000000000000000
0000000000000000000000000000000000000000
0000000000000000000000000000000000000000
0000000000000000000000000000000000000000
0000000000000000000000000000000000000000